Fri. Sep. 18, 2020             LANDSAT 7                 Time: 13:49
                         Image Assessment System
                           GCP Residual Report
----------------------------------------------------------------------------
WOID: L2            Path/Row: 039 / 035

L0R Reference Image: L71EDC1899281180600_HDF.202022252
Acquisition Date: Oct 08, 1999

Band Number:  5

GLS date for each WRS-2 path/row used:
Path  Row   Date
038   035   06-13-2000, 07-01-2015
038   036   06-13-2000, 09-19-2015
039   034   07-06-2000, 07-24-2015
039   035   05-03-2000, 07-24-2015
039   036   05-03-2000, 03-04-2016
040   034   06-11-2000, 05-09-2014
040   035   06-11-2000, 04-23-2014


Point_ID         Latitude  Longitude    Height       Across    Along    Residual  Residual
                                                      Scan      Scan      In y      in x
                                                    Residual  Residual    dir       dir
                   (deg)     (deg)     (meters)     (meters)  (meters)  (meters)  (meters)

0380350001_01   35.794614 -114.140382   849.561       4.731    -4.040     5.292    -3.254
0380350028_01   36.158964 -113.921783   730.544       2.552    -0.709     2.627    -0.305
0380350035_01   35.393260 -114.298819   989.139      -1.881    -1.050    -1.694    -1.328
0380350050_01   36.134801 -113.943840   364.313       4.349    -5.284     5.109    -4.548
0380350056_01   36.102245 -113.919646   353.226       0.963    -4.197     1.597    -3.997
0380350067_01   36.098031 -113.869255  1371.652      -2.762     4.444    -3.410     3.958
0380350080_01   35.365273 -114.191717  1104.776       1.402    -2.020     1.694    -1.774
0380350105_01   36.089708 -113.844634  1350.561      -1.618    -0.715    -1.487    -0.955
0380350146_01   36.074497 -113.870060  1362.216      -0.593     1.988    -0.893     1.870
0380350238_01   36.229142 -113.730882  1733.782       5.967     2.731     5.460     3.614
0380350325_01   35.432709 -114.500914   911.925       3.132     2.295     2.733     2.750
0380350356_01   35.931681 -113.971582  1664.575       0.700     0.170     0.663     0.276
0380350365_01   36.191731 -113.993659   357.789       5.382    -0.525     5.396     0.313
0380350401_01   35.603585 -114.288846  1041.525       3.594    -3.457     4.079    -2.852
0380350406_01   36.578987 -113.720063  1620.082      -5.098    -3.658    -4.467    -4.390
0380350409_01   36.727554 -113.862688  1660.784       2.792     4.996     1.987     5.355
0380350411_01   36.601623 -113.839252  1323.985      -2.544     1.607    -2.758     1.194
0380350414_01   36.592586 -114.133594  1653.350      -4.085     6.355    -5.002     5.637
0380350432_01   35.474310 -114.379708   890.906      -5.210    -6.290    -4.167    -7.014
0380350434_01   35.560482 -114.391310   826.042      -6.217     0.125    -6.155    -0.841
0380350438_01   36.536297 -114.125909  1113.177       4.142    -0.872     4.220    -0.222
0380350439_01   35.656853 -114.366867   961.754       1.870    -0.256     1.884     0.037
0380350440_01   36.427640 -114.247319   778.851      -3.903    -1.282    -3.656    -1.866
0380350441_01   35.534394 -114.355788   882.981       1.770    -1.648     2.001    -1.351
0380350446_01   35.621284 -114.284611  1098.905       4.904    -5.170     5.636    -4.339
0380350449_01   36.371362 -114.217568   972.110      -1.539    -4.742    -0.790    -4.916
0380350451_01   35.359139 -114.320165  1179.283      -0.780    -3.515    -0.226    -3.588
0380350452_01   36.579527 -114.157195  1248.132       6.456    -1.486     6.595    -0.473
0380350460_01   35.363364 -114.235524  1039.087      -1.219     0.699    -1.312     0.500
0380350461_01   36.294277 -114.229441  1011.027      -2.512    -2.733    -2.059    -3.084
0380350466_01   36.320836 -114.217837  1020.610      -1.139     0.930    -1.267     0.742
0380350470_01   35.394323 -114.482412   707.111       4.742     1.204     4.492     1.925
0380350472_01   35.398400 -114.443934   991.416       2.539    -0.766     2.623    -0.361
0380350489_01   35.927598 -113.873780  1547.230       2.390     3.518     1.812     3.839
0380350498_01   35.794393 -114.140076   848.867       5.602     5.718     4.644     6.511
0380350499_01   35.463991 -114.341613   923.408      -4.318    -2.461    -3.880    -3.098
0380350569_01   35.352721 -114.167410  1151.491      -0.055    -3.555     0.495    -3.515
0380350648_01   35.710854 -114.170903   929.814       4.440     0.671     4.276     1.351
0380350700_01   35.602065 -114.255687  1075.949       2.614     3.608     2.019     3.965
0380350710_01   36.158687 -113.921532   722.940       1.537     0.236     1.479     0.471
0380350726_01   36.233647 -113.816867  1143.122       0.735    -6.245     1.685    -6.048
0380350774_01   36.203668 -114.057961   392.013       2.706    -3.237     3.171    -2.780
0380350799_01   36.726000 -113.827356  1443.557       0.958     3.830     0.357     3.925
0380350805_01   35.584838 -114.313218   925.830       2.307     0.895     2.136     1.241
0380350852_01   35.603321 -114.288498  1031.137       4.058    -1.676     4.261    -1.024
0380350867_01   36.149346 -113.768847  1803.800       6.046    -3.838     6.548    -2.849
0380350869_01   36.085474 -113.795266  1341.372       1.394    -4.101     2.005    -3.829
0380350875_01   36.346950 -114.047195   799.535       1.090    -4.823     1.817    -4.593
0380350877_01   36.472536 -113.911505   886.141      -4.400    -3.386    -3.824    -4.020
0380350879_01   36.592081 -114.133225  1713.493      -3.418    -0.170    -3.344    -0.692
0380350887_01   36.418123 -113.980046   753.316       1.323     2.703     0.889     2.872
0380350902_01   36.396500 -113.947455   618.695      -0.608     4.527    -1.298     4.377
0380350903_01   35.656607 -114.366556   950.369       3.616     0.210     3.534     0.768
0380350907_01   35.410205 -114.370123  1013.703       3.058     1.066     2.851     1.527
0380350910_01   35.333323 -114.174563  1075.074      -1.500    -5.637    -0.607    -5.793
0380350916_01   36.432406 -114.098349   789.102      -2.020     0.526    -2.076     0.208
0380350921_01   35.348951 -114.317742  1094.381       5.164    -3.150     5.580    -2.304
0380350923_01   35.372444 -114.031546  1095.721       4.645     0.872     4.445     1.583
0380350926_01   35.300941 -114.057239  1108.450      -0.976    -3.353    -0.444    -3.459
0380350928_01   35.319679 -114.022314  1061.312      -4.584    -5.613    -3.653    -6.250
0380350931_01   35.365054 -114.191329  1103.688      -1.965     1.151    -2.117     0.830
0380350934_01   36.677514 -114.121949  1033.668      -0.698    -6.637     0.328    -6.657
0380350936_01   36.671016 -114.080757  1322.569      -1.578    -4.306    -0.897    -4.489
0380350941_01   36.772489 -114.077404   541.119      -5.272    -2.345    -4.848    -3.126
0380360008_01   35.220244 -114.574473   172.405       0.152    -1.549     0.390    -1.507
0380360013_01   35.393259 -114.298820   989.871      -1.102     0.354    -1.143     0.178
0380360029_01   35.365268 -114.191711  1104.756       1.349    -2.595     1.731    -2.349
0380360083_01   35.432707 -114.500897   911.925       2.866     1.882     2.535     2.302
0380360113_01   35.239916 -114.576645   172.872      -0.484    -0.469    -0.406    -0.538
0380360179_01   35.137582 -114.113364   848.674      -0.195     0.166    -0.219     0.134
0380360181_01   35.176955 -114.063431   958.081      -4.345     1.251    -4.482     0.558
0380360185_01   35.474315 -114.379684   892.467      -3.505    -5.722    -2.573    -6.189
0380360230_01   35.382151 -114.501036   595.951       0.980    -1.719     1.233    -1.545
0380360262_01   35.212236 -114.506255   436.879       1.185    -2.260     1.520    -2.047
0380360291_01   35.258335 -114.574822   176.775      -5.723    -2.773    -5.222    -3.630
0380360308_01   35.218423 -114.276236   815.337       1.511     1.699     1.226     1.911
0380360316_01   35.200832 -114.563408   179.510       1.741    -2.833     2.158    -2.527
0380360365_01   35.254434 -114.037691  1030.509      -0.795    -0.131    -0.766    -0.253
0380360370_01   35.192859 -114.418135   836.320       1.905    -3.242     2.382    -2.902
0380360386_01   35.187636 -114.037223  1033.460      -0.048    -0.008    -0.048    -0.014
0380360390_01   35.224259 -114.221487   829.134      -2.454     5.197    -3.229     4.747
0380360442_01   35.293220 -114.565409   287.625      -0.756    -3.446    -0.212    -3.520
0380360446_01   35.185266 -114.532066   302.450       1.963     1.844     1.651     2.127
0380360461_01   35.214740 -114.033914  1022.979       0.321     0.105     0.299     0.154
0380360478_01   35.189672 -114.063627   986.740      -0.409     4.683    -1.132     4.557
0380360494_01   35.393016 -114.298123   994.342      -2.845    -0.182    -2.779    -0.621
0380360497_01   35.361778 -114.143083  1375.537       1.699     5.968     0.750     6.149
0380360507_01   35.537237 -113.949436   867.424      -1.059    -7.077     0.049    -7.149
0380360521_01   35.464001 -114.341685   919.146      -6.886    -6.063    -5.856    -7.051
0380360524_01   35.142492 -114.089497   875.784       4.421    -0.421     4.426     0.273
0380360532_01   35.135441 -114.314677   897.641       2.518     1.160     2.303     1.537
0380360567_01   35.293938 -114.439505   912.831      -4.138    -0.355    -4.028    -0.993
0380360573_01   35.258761 -114.401114  1279.613      -3.945    -4.879    -3.134    -5.423
0380360579_01   35.224500 -114.407624  1184.226       1.228    -6.248     2.179    -5.970
0380360584_01   35.603341 -114.288524  1030.161       2.131    -0.634     2.199    -0.295
0380360604_01   35.512380 -113.971672   885.682      -1.382    -5.002    -0.591    -5.151
0380360626_01   35.247904 -114.037802  1028.143      -2.547    -0.373    -2.456    -0.763
0380360698_01   35.209998 -114.509084   445.604       1.080    -1.596     1.313    -1.408
0380360728_01   35.629544 -114.367422   918.896       2.307    -3.810     2.864    -3.401
0380360729_01   35.140788 -114.346185  1036.306       5.343     3.937     4.657     4.715
0380360741_01   35.343606 -114.431403  1025.911       4.425    -0.847     4.495    -0.148
0380360745_01   35.224015 -114.239209   829.390      -1.853     5.636    -2.704     5.273
0380360753_01   35.210347 -114.057820  1088.107       1.536    -2.588     1.915    -2.314
0380360767_01   35.323724 -114.428226  1034.450      -4.700    -5.207    -3.829    -5.866
0380360776_01   35.269702 -114.031039  1020.703      -4.098     1.732    -4.313     1.072
0380360798_01   35.275788 -114.449945   804.675      -2.710    -0.944    -2.529    -1.353
0380360802_01   35.132160 -114.113133   836.154      -1.733     4.403    -2.395     4.075
0380360846_01   35.394054 -114.482067   704.129       5.342     2.839     4.831     3.631
0380360863_01   35.340957 -114.476806   631.290       1.548     0.298     1.481     0.535
0380360865_01   35.430249 -114.474367  1022.492       0.095    -2.110     0.420    -2.066
0380360866_01   35.369883 -114.486308   683.443       2.932     0.677     2.788     1.124
0380360867_01   35.319654 -114.513160   495.525      -2.536    -0.493    -2.428    -0.881
0380360868_01   35.295124 -114.491977   627.552      -1.939    -5.179    -1.111    -5.413
0380360870_01   35.298113 -114.519475   475.696       0.657    -2.793     1.082    -2.655
0380360871_01   35.242747 -114.517424   390.901       3.507     3.355     2.941     3.858
0390340043_01   36.727651 -113.862602  1660.105       2.651     1.895     2.322     2.276
0390340052_01   36.579168 -113.720162  1620.051      -6.721    -5.696    -5.754    -6.649
0390340064_01   36.646471 -114.309804   370.363       4.664    -4.538     5.303    -3.765
0390340074_01   36.628826 -113.806612  1357.880       0.918    -2.123     1.230    -1.952
0390340079_01   36.674219 -113.806033  1341.055       6.005    -0.795     6.044     0.139
0390340099_01   36.686533 -113.924020  1336.839       1.786     1.739     1.494     1.990
0390340127_01   36.690610 -113.863099  1414.870       1.714    -3.645     2.248    -3.331
0390340136_01   36.714259 -113.836628  1468.220       1.077     2.185     0.726     2.322
0390340161_01   36.911197 -115.365184  1432.222       6.677     4.187     5.941     5.147
0390340189_01   36.880594 -115.266220  1427.909      -1.380    -6.866    -0.307    -6.980
0390340197_01   36.839462 -115.340172  1795.265       5.411     5.858     4.434     6.598
0390340230_01   36.663222 -113.931356  1239.804       0.718     3.196     0.217     3.264
0390340235_01   36.601597 -113.838934  1325.739      -0.279     0.703    -0.384     0.652
0390340248_01   36.674206 -114.098067  1121.450      -4.450     3.184    -4.879     2.458
0390340274_01   36.909140 -115.332914  1413.320       4.320     5.272     3.452     5.857
0390340302_01   36.671722 -113.843396  1368.046      -0.646    -6.611     0.376    -6.619
0390340303_01   36.609817 -113.773879  1258.846       1.030    -1.216     1.201    -1.041
0390340309_01   36.692445 -113.829469  1440.346       1.682     4.661     0.943     4.856
0390340320_01   36.707198 -113.887279  1519.266       3.661     1.539     3.374     2.080
0390340353_01   36.778931 -115.267524  1747.654       1.739     3.811     1.130     4.020
0390340364_01   36.773456 -114.099645   490.824      -0.200    -2.306     0.155    -2.308
0390340382_01   36.968966 -115.589399  1432.956      -0.221    -4.261     0.436    -4.235
0390340389_01   36.823591 -114.458285   823.000      -6.577     1.802    -6.768     0.770
0390340392_01   36.688889 -114.707829   529.749       0.051     0.784    -0.070     0.782
0390340394_01   36.932900 -115.581294  1288.570      -0.420     1.859    -0.697     1.768
0390340402_01   36.878629 -115.243369  1590.438      -4.883     3.550    -5.355     2.751
0390340405_01   36.833848 -115.573755  1355.729       5.327    -4.472     5.938    -3.595
0390340406_01   36.861283 -115.258586  1606.130      -3.836     6.156    -4.722     5.479
0390340408_01   36.932363 -115.559408  1759.797      -0.602     5.781    -1.476     5.602
0390340409_01   36.783808 -115.304736  1289.546      -3.898     1.818    -4.120     1.195
0390340424_01   36.865142 -114.821309  1114.986      -4.590    -2.276    -4.178    -2.948
0390340433_01   36.753799 -114.883991  1000.543       1.268     6.369     0.275     6.478
0390340437_01   36.810977 -115.372063  1329.437      -2.054     0.973    -2.173     0.645
0390340438_01   36.889922 -115.351840  1418.638       6.787     2.236     6.349     3.241
0390340440_01   36.878438 -114.868062   894.982      -0.820    -3.268    -0.308    -3.350
0390340470_01   36.688809 -114.621234   497.000      -0.187     2.944    -0.637     2.878
0390340472_01   36.704102 -114.656362   532.000       1.076    -0.634     1.160    -0.460
0390340496_01   36.648618 -114.586544   490.000      -1.166     3.485    -1.687     3.262
0390340501_01   36.802650 -114.894085   640.000       1.846    -0.391     1.882    -0.103
0390340512_01   36.802328 -114.922006   677.000      -0.679     1.293    -0.868     1.173
0390340523_01   36.609393 -114.494530   404.000      -4.579    -0.749    -4.408    -1.444
0390340528_01   36.661683 -114.631456   468.000       1.158    -0.593     1.235    -0.408
0390340545_01   36.633948 -114.492062   414.000      -4.242     1.324    -4.393     0.655
0390340554_01   36.803832 -114.945836   744.000       3.833    -0.166     3.809     0.423
0390340563_01   36.677827 -114.681649   493.000      -1.320     0.835    -1.432     0.622
0390340572_01   36.640359 -114.633112   498.000       1.600     0.551     1.495     0.790
0390340574_01   36.796776 -114.639406   500.000       0.102    -2.176     0.434    -2.133
0390340577_01   36.705965 -114.252320   404.000      -1.045    -5.574    -0.177    -5.666
0390340609_01   36.727399 -113.862318  1663.955       3.623     1.386     3.358     1.923
0390340610_01   36.694722 -113.894523  1438.226      -1.395    -0.068    -1.366    -0.281
0390340620_01   36.622011 -114.328109   360.000       4.124    -0.134     4.094     0.502
0390340631_01   36.750083 -114.857880   649.000       1.303     0.970     1.138     1.157
0390340639_01   36.688112 -114.587671   454.000      -2.475     2.344    -2.804     1.935
0390340642_01   36.739853 -114.209468   409.000       6.301     3.714     5.653     4.637
0390340651_01   36.686293 -113.923739  1337.915      -0.724     4.811    -1.453     4.635
0390340663_01   36.726132 -114.718487   517.000       1.159     2.382     0.779     2.530
0390340667_01   36.654619 -113.632770  1522.647      -2.348     3.776    -2.896     3.364
0390340668_01   36.570887 -114.339919   350.000       6.697     3.982     6.002     4.963
0390340670_01   36.725938 -113.827466  1441.871       1.401     3.672     0.818     3.837
0390340675_01   36.689630 -113.845395  1492.719       0.970    -0.942     1.100    -0.779
0390340678_01   36.701568 -113.815389  1376.072      -0.598     0.711    -0.701     0.610
0390340695_01   36.628585 -113.806310  1336.326      -4.027    -0.983    -3.823    -1.588
0390340704_01   36.675813 -114.515192   546.000      -3.847    -0.719    -3.688    -1.301
0390340709_01   36.743375 -114.186845   421.000       2.119     3.683     1.527     3.963
0390340733_01   36.705930 -113.678891  1499.555      -2.971     4.403    -3.606     3.887
0390340740_01   36.560119 -113.906296  1016.686      -0.134    -1.697     0.127    -1.695
0390340742_01   36.640591 -114.685790   498.000      -3.155     0.739    -3.229     0.245
0390340754_01   36.579820 -114.153582  1318.913      -4.086     1.701    -4.291     1.050
0390340756_01   36.667677 -113.977831  1583.352      -3.877     3.423    -4.349     2.780
0390340761_01   36.863701 -115.391118  1258.750       1.051    -5.750     1.919    -5.509
0390340772_01   36.558926 -113.739797  1536.077       6.258     0.304     6.123     1.263
0390340775_01   36.772841 -114.831031   640.000       0.021    -1.048     0.182    -1.032
0390340782_01   36.960076 -115.399187  1365.001       1.637     6.126     0.677     6.289
0390340784_01   36.665391 -114.654510   461.000      -0.841     1.815    -1.110     1.663
0390340793_01   36.563423 -113.639415  1666.461      -5.104     1.447    -5.256     0.642
0390340821_01   36.492288 -113.917701   935.272       1.294    -6.287     2.242    -6.006
0390340860_01   36.839203 -115.339830  1787.633       3.163     6.229     2.163     6.620
0390350004_01   35.361903 -115.492793  1434.525      -0.826     3.559    -1.365     3.379
0390350006_01   36.774454 -114.185341   450.248      -0.946     2.845    -1.372     2.665
0390350015_01   35.225002 -114.575382   172.706      -2.980    -2.445    -2.564    -2.879
0390350025_01   36.835251 -114.655954   521.532      -0.622    -4.161     0.025    -4.204
0390350026_01   36.124172 -113.965339   353.973      -4.430    -2.724    -3.957    -3.376
0390350035_01   36.130798 -115.093539   532.251       1.961     1.695     1.675     1.975
0390350036_01   35.393255 -114.298569   994.439      -2.474    -0.136    -2.421    -0.518
0390350038_01   35.794595 -114.140056   847.845       2.378     0.329     2.295     0.693
0390350040_01   36.261534 -115.297419   752.623       0.089     2.192    -0.249     2.176
0390350047_01   35.933062 -114.925824   523.605       1.347     6.391     0.342     6.516
0390350054_01   35.496221 -114.521978   907.804       0.941     2.870     0.483     2.977
0390350055_01   36.102245 -113.919632   355.447      -0.366    -2.735     0.059    -2.758
0390350058_01   35.206255 -114.570351   172.556       0.711     0.399     0.639     0.505
0390350063_01   36.112284 -115.118949   566.784       0.678     0.589     0.579     0.686
0390350064_01   36.183023 -113.906196   623.742      -1.372     3.187    -1.847     2.935
0390350068_01   36.121863 -114.914416   399.397      -0.123    -2.197     0.218    -2.188
0390350070_01   35.261361 -115.097611  1241.250       2.402    -2.961     2.827    -2.546
0390350073_01   36.058995 -115.067275   549.992       0.900     3.358     0.370     3.453
0390350074_01   36.231105 -113.968726   532.449      -2.041     2.705    -2.433     2.356
0390350075_01   36.438938 -114.374223   415.081       0.535    -2.665     0.938    -2.549
0390350079_01   35.285574 -114.601606   173.949      -2.836     1.423    -3.023     0.964
0390350084_01   36.063301 -115.000228   478.040       0.993    -0.671     1.084    -0.509
0390350086_01   36.138443 -113.898608  1088.452       4.765     6.381     3.717     7.033
0390350090_01   35.733684 -114.700028   175.871      -2.716     0.204    -2.714    -0.219
0390350091_01   36.641562 -114.545185   429.000       0.965     0.289     0.909     0.433
0390350095_01   36.525118 -114.137149   926.612      -6.509    -2.884    -5.982    -3.848
0390350096_01   36.035246 -114.971288   557.170      -1.556     0.931    -1.679     0.678
0390350097_01   35.483668 -114.691629   224.042       1.504     1.499     1.253     1.714
0390350098_01   35.760976 -114.698916   180.659       0.888     1.332     0.670     1.453
0390350100_01   35.432495 -114.500783   904.804       2.739     2.521     2.311     2.912
0390350101_01   35.362675 -114.191974  1064.219      -1.258     0.801    -1.366     0.596
0390350104_01   36.707186 -113.887279  1514.370       4.617     2.558     4.160     3.233
0390350106_01   35.873372 -114.664831   182.367      -6.142     3.821    -6.657     2.823
0390350107_01   36.027644 -115.084390   614.474      -1.250     5.378    -2.064     5.114
0390350108_01   36.187948 -114.616130   623.572       0.988     0.045     0.968     0.197
0390350109_01   35.603830 -113.990888   840.682       6.752    -0.563     6.749     0.492
0390350110_01   36.238418 -115.514990  1662.422       1.973     4.286     1.285     4.525
0390350113_01   35.467608 -114.536716   677.129      -2.539    -1.008    -2.350    -1.388
0390350115_01   36.169668 -115.138980   584.754      -0.443     0.858    -0.569     0.779
0390350118_01   35.598760 -114.658277   174.063      -2.904     4.627    -3.586     4.119
0390350120_01   35.974908 -114.890048   755.096      -1.981     0.463    -2.026     0.151
0390350121_01   36.008063 -114.980352   657.763       2.031     1.966     1.701     2.254
0390350122_01   35.931853 -113.971522  1665.666       2.119    -0.240     2.124     0.091
0390350123_01   36.136337 -115.135754   581.898       2.071     4.849     1.297     5.105
0390350124_01   35.683918 -115.137411  1240.671       0.061     0.450    -0.010     0.452
0390350125_01   36.110018 -115.495936  1777.664      -2.301     4.265    -2.923     3.846
0390350128_01   36.359416 -115.315651   800.499      -1.099    -1.049    -0.922    -1.204
0390350129_01   36.099654 -115.072627   508.328      -0.878     1.694    -1.128     1.537
0390350131_01   36.304350 -114.064408   719.518      -3.837    -2.237    -3.445    -2.800
0390350132_01   35.627834 -114.665359   173.363      -1.732     1.926    -2.009     1.634
0390350134_01   36.293978 -114.229810  1004.369      -5.590    -2.993    -5.056    -3.815
0390350135_01   35.948994 -114.848474   640.357       2.019     2.885     1.547     3.159
0390350137_01   35.673464 -114.689537   179.525      -3.874     3.313    -4.339     2.672
0390350138_01   35.970687 -114.402424   588.175      -1.219     0.090    -1.218    -0.100
0390350141_01   35.815118 -115.087134   903.724      -1.506    -0.254    -1.446    -0.483
0390350143_01   36.583568 -114.563768   708.117      -4.170    -5.192    -3.318    -5.765
0390350144_01   36.440121 -114.532129   795.761       2.492    -3.763     3.037    -3.330
0390350147_01   35.474323 -114.379783   889.780      -6.184    -1.929    -5.804    -2.863
0390350148_01   36.171635 -115.107914   527.000      -3.314     2.280    -3.622     1.739
0390350149_01   36.255310 -114.729913   857.324       0.570    -1.135     0.738    -1.032
0390350152_01   35.218593 -114.276329   815.277       0.861    -2.163     1.184    -2.000
0390350153_01   36.393843 -113.802883  1125.788       2.973     1.459     2.708     1.898
0390350155_01   36.396090 -114.482344   808.641      -2.348    -1.239    -2.127    -1.585
0390350157_01   35.519332 -114.676067   178.261       0.036     4.912    -0.727     4.857
0390350158_01   35.306977 -114.590762   173.654      -5.540    -4.116    -4.833    -4.927
0390350159_01   36.209099 -113.859831   909.316      -1.007    -3.774    -0.414    -3.880
0390350160_01   36.297932 -114.724688  1242.356       1.619    -0.028     1.601     0.222
0390350161_01   35.603400 -114.288910  1037.492       1.654    -1.436     1.853    -1.160
0390350164_01   35.467332 -115.270947   900.548       5.656    -5.838     6.484    -4.882
0390350167_01   36.013942 -114.736480   363.894       3.001    -2.711     3.382    -2.213
0390350168_01   36.686533 -113.924035  1335.477       1.524     2.486     1.121     2.687
0390350169_01   36.176101 -114.313306   650.766       2.030     1.033     1.844     1.333
0390350172_01   36.727367 -113.862936  1656.090       3.875     1.772     3.548     2.343
0390350173_01   35.787095 -115.328479   854.054      -3.472     0.276    -3.467    -0.264
0390350174_01   35.456764 -114.907281  1024.911       0.403    -2.168     0.734    -2.076
0390350175_01   36.432279 -114.223552   588.345      -4.227    -0.177    -4.147    -0.826
0390350176_01   35.560534 -114.391285   825.765      -2.963    -2.296    -2.569    -2.725
0390350179_01   35.483207 -114.667811   170.285      -2.507    -2.066    -2.156    -2.430
0390350183_01   35.723726 -114.804473   916.390      -0.357    -0.930    -0.209    -0.973
0390350184_01   35.464486 -114.342060   914.455      -1.682    -3.767    -1.077    -3.977
0390350187_01   36.516138 -114.626208   791.621       0.834    -0.459     0.894    -0.325
0390350188_01   36.433217 -114.473457   616.300       4.140    -1.773     4.359    -1.113
0390350191_01   35.264048 -114.594006   188.142       0.676    -0.028     0.672     0.078
0390350192_01   35.766522 -114.720666   287.995       1.292     1.324     1.071     1.507
0390350197_01   36.264691 -113.855906   807.597      -4.856     3.411    -5.320     2.618
0390350198_01   35.227185 -114.614898   297.940      -0.400     4.016    -1.019     3.904
0390350199_01   36.200055 -115.290392   764.654      -2.736     1.088    -2.866     0.652
0390350200_01   36.043343 -115.001729   522.170      -1.844    -0.122    -1.801    -0.405
0390350201_01   36.158693 -115.079513   507.194       1.292    -0.366     1.332    -0.163
0390350203_01   35.657041 -114.366914   964.734       3.203     1.388     2.945     1.866
0390350206_01   36.169068 -115.261713   741.110      -1.174     1.120    -1.331     0.924
0390350209_01   35.650789 -114.692201   181.569       0.420     5.296    -0.405     5.296
0390350212_01   36.349366 -114.712180   971.044       0.112     1.350    -0.098     1.349
0390350213_01   35.936991 -114.444772   582.070      -6.384     0.116    -6.321    -0.872
0390350214_01   36.145356 -115.304248   833.791      -3.004     4.736    -3.693     4.210
0390350216_01   36.281067 -114.691434  1094.884      -1.992    -2.229    -1.622    -2.505
0390350218_01   36.265125 -114.061918   731.962      -6.404    -5.175    -5.526    -6.097
0390350219_01   36.686015 -114.813666   906.228      -3.994    -0.216    -3.907    -0.826
0390350220_01   36.692669 -113.859657  1460.250       1.253    -4.920     1.989    -4.660
0390350222_01   36.500280 -114.300484   416.437      -0.434     4.779    -1.165     4.653
0390350223_01   36.180826 -114.557986   477.786       2.898    -0.470     2.933    -0.017
0390350225_01   36.479473 -114.435819   428.130      -0.367    -1.663    -0.107    -1.699
0390350227_01   36.609694 -114.494828   404.774      -3.495    -3.624    -2.895    -4.117
0390350228_01   35.635663 -115.061660  1144.875       2.101    -0.496     2.148    -0.164
0390350230_01   35.721712 -115.132856   951.114       1.747    -6.221     2.686    -5.866
0390350232_01   35.264317 -114.718641  1243.041      -3.274    -1.855    -2.941    -2.337
0390350233_01   36.001898 -114.433364   463.578       0.481     0.297     0.429     0.367
0390350234_01   35.753589 -115.130100   889.483       1.321     1.104     1.133     1.293
0390350236_01   36.390123 -114.002643   745.979      -1.121    -6.039    -0.179    -6.135
0390350238_01   35.165348 -114.350596  1095.452       3.928    -5.518     4.729    -4.831
0390350240_01   35.784239 -114.713865   250.651       4.578     1.798     4.242     2.485
0390350241_01   36.628827 -113.806918  1368.341       1.981    -5.127     2.739    -4.752
0390350245_01   36.028925 -114.089690   780.910      -5.333    -6.111    -4.322    -6.856
0390350246_01   36.737757 -114.212550   409.565      -1.308     0.045    -1.299    -0.156
0390350247_01   35.964845 -115.116464   774.394       0.812    -4.163     1.444    -3.983
0390350252_01   36.187912 -115.200870   640.485       0.360    -6.650     1.382    -6.508
0390350254_01   36.539255 -115.454853   951.272      -2.962    -3.291    -2.415    -3.701
0390350255_01   35.802612 -115.589778   786.999      -1.319    -0.201    -1.269    -0.402
0390350258_01   36.030985 -115.251726   764.144       1.409    -4.271     2.050    -3.997
0390350265_01   36.405173 -113.945563   635.439       0.322    -0.275     0.359    -0.222
0390350267_01   36.072016 -114.351162   351.795       5.163    -2.515     5.487    -1.685
0390350269_01   36.042690 -114.355831   416.801      -3.642     1.230    -3.787     0.652
0390350272_01   36.670837 -114.522084   512.536      -2.132     0.130    -2.126    -0.199
0390350274_01   36.107398 -113.941148   711.336      -3.604    -1.549    -3.320    -2.087
0390350275_01   35.183781 -114.568366   126.971      -1.313    -2.427    -0.921    -2.602
0390350276_01   36.674212 -113.806026  1351.261       5.065    -4.101     5.623    -3.266
0390350277_01   35.999696 -113.969973  1614.392       3.980    -4.009     4.540    -3.336
0390350280_01   36.080564 -114.587763   886.071       2.312    -0.898     2.420    -0.529
0390350284_01   35.505086 -115.613863  1547.568       1.844    -2.521     2.208    -2.200
0390350286_01   35.790182 -114.685480   387.827       2.790     2.477     2.372     2.878
0390350287_01   35.956146 -114.915848   612.656      -0.455     2.259    -0.798     2.159
0390350288_01   35.631536 -114.513853   948.623      -1.393     2.971    -1.834     2.715
0390350289_01   35.811819 -114.644365   569.347       3.801    -3.268     4.256    -2.638
0390350290_01   35.778198 -115.838159  1228.541       4.700    -2.245     4.981    -1.489
0390350291_01   36.093737 -114.929513   493.888      -0.073     0.458    -0.143     0.440
0390350292_01   35.709438 -115.859021  1308.329       3.204     2.985     2.697     3.436
0390350293_01   35.411035 -114.876095   941.374       0.008    -1.875     0.298    -1.848
0390350294_01   35.640127 -115.850727   826.550       2.480    -2.067     2.767    -1.656
0390350295_01   36.413020 -114.649064  1108.958      -2.408    -2.943    -1.923    -3.273
0390350296_01   36.318763 -114.261340   850.143      -3.117     6.648    -4.100     6.081
0390350297_01   35.149724 -114.327383  1025.353       1.872     0.053     1.837     0.344
0390350298_01   36.185694 -115.327422   881.592      -3.758     1.442    -3.928     0.844
0390350301_01   36.233888 -113.817099  1096.957       3.339    -0.782     3.413    -0.256
0390350303_01   35.817759 -115.789094  1043.665       0.907    -4.431     1.581    -4.230
0390350304_01   36.125672 -113.813469  1264.462       1.021     6.790    -0.040     6.856
0390350306_01   36.416433 -114.396394   397.103      -2.783    -0.800    -2.626    -1.219
0390350307_01   36.365732 -115.141300  1136.498      -0.204    -0.049    -0.193    -0.080
0390350309_01   36.070453 -115.090641   563.893       1.103     0.397     1.027     0.562
0390350310_01   36.714246 -113.836614  1469.463       2.198     2.556     1.775     2.859
0390350311_01   36.400448 -114.561808   937.244       0.559     0.233     0.515     0.316
0390350312_01   35.633969 -115.944571   693.823      -0.018    -5.095     0.773    -5.030
0390350314_01   36.418486 -113.980172   745.325      -0.629     5.692    -1.498     5.523
0390350315_01   35.579382 -114.541956  1010.894      -2.301     0.087    -2.284    -0.270
0390350316_01   36.137921 -115.064061   498.000       0.339     3.473    -0.201     3.480
0390350318_01   35.905747 -114.704085   173.016       4.543     4.689     3.762     5.334
0390350322_01   36.586733 -113.749021  1394.773      -0.255     6.931    -1.316     6.799
0390350324_01   35.957580 -114.728167   183.388       2.837     2.829     2.365     3.233
0390350325_01   35.974804 -114.442875   542.890       0.029    -1.748     0.298    -1.721
0390350326_01   35.734445 -115.498129  1342.077      -3.242     4.375    -3.871     3.811
0390350328_01   36.027669 -114.567033   756.737       5.587     1.547     5.275     2.390
0390350329_01   35.818451 -115.010025   518.075       1.554    -3.347     2.052    -3.063
0390350331_01   36.163158 -114.774294   471.477       2.070    -1.269     2.239    -0.934
0390350332_01   36.509985 -114.918782   908.651      -0.139    -2.925     0.313    -2.907
0390350333_01   36.090929 -115.018139   459.079      -1.182    -6.828    -0.113    -6.923
0390350334_01   35.805989 -115.288521   883.044      -1.150    -2.773    -0.705    -2.913
0390350336_01   36.187955 -114.484688   469.683      -2.095    -0.913    -1.928    -1.225
0390350337_01   36.041986 -114.398454   483.481       1.527    -4.327     2.175    -4.036
0390350338_01   36.269440 -114.581610   594.111      -2.533     0.058    -2.509    -0.333
0390350340_01   35.530110 -114.632083   297.074       0.688    -3.165     1.170    -3.019
0390350341_01   35.790885 -114.991484   527.002      -6.054     4.102    -6.610     3.112
0390350343_01   36.556101 -114.144381  1122.946      -6.836     4.382    -7.418     3.272
0390350345_01   35.639922 -114.338653  1016.623       3.596    -1.210     3.734    -0.636
0390350346_01   35.773777 -115.913216  1536.431      -0.337    -5.371     0.499    -5.345
0390350347_01   35.320174 -114.109677  1526.941       1.184     1.774     0.891     1.933
0390350349_01   36.057046 -114.002399   698.612      -2.598     2.373    -2.932     1.941
0390350355_01   35.348582 -114.444958   919.526       5.166    -6.065     6.036    -5.180
0390350356_01   36.079847 -114.206702   665.483       5.921    -3.193     6.336    -2.237
0390350358_01   36.286174 -114.789133   869.745      -5.707    -2.078    -5.311    -2.929
0390350359_01   36.347170 -114.047411   805.730       1.115    -4.462     1.786    -4.233
0390350360_01   35.938673 -114.744014   450.557      -1.343     1.295    -1.527     1.070
0390350361_01   36.012187 -114.309901   472.211      -2.158    -0.965    -1.982    -1.286
0390350365_01   35.674575 -115.428322  1118.075      -5.081     0.078    -5.021    -0.709
0390350367_01   35.400825 -114.657957   175.182       4.787    -0.788     4.849    -0.035
0390350368_01   36.310581 -114.693926  1087.890       3.845     0.730     3.681     1.312
0390350369_01   36.493148 -114.625893   781.894      -0.781    -1.707    -0.509    -1.805
0390350371_01   36.296526 -113.834637   926.236       3.645     6.267     2.632     6.749
0390350372_01   36.016965 -114.680846   668.027      -0.637    -1.762    -0.357    -1.838
0390350373_01   36.694662 -114.888970  1088.249       2.337    -4.348     2.973    -3.930
0390350374_01   36.186415 -114.731266   545.409       1.494     0.929     1.331     1.147
0390350378_01   36.596242 -114.602608   685.748      -1.022    -0.124    -0.990    -0.279
0390350380_01   36.473223 -113.911094   876.377      -3.424    -2.833    -2.945    -3.324
0390350381_01   36.429209 -115.242563  1178.263      -4.075    -0.398    -3.956    -1.018
0390350383_01   36.454870 -115.352779   907.188      -1.495     0.611    -1.568     0.372
0390350386_01   36.430377 -113.884727   715.719      -5.270     7.023    -6.284     6.122
0390350387_01   36.920811 -115.377438  1402.181       1.942    -3.618     2.470    -3.270
0390350388_01   36.372272 -114.493500   908.091       2.104    -1.536     2.312    -1.192
0390350389_01   35.810171 -114.711802   174.890       4.224     4.718     3.441     5.313
0390350390_01   35.298276 -115.122503  1318.077      -1.190     0.057    -1.182    -0.128
0390350391_01   35.679263 -114.614113   544.734       5.424    -2.212     5.696    -1.344
0390350394_01   35.539909 -116.016641   643.884       4.997    -3.906     5.537    -3.081
0390350395_01   35.701529 -115.020613   742.607       1.158    -2.987     1.605    -2.768
0390350397_01   36.174133 -114.697622   412.152       4.518     1.288     4.262     1.969
0390350399_01   36.560411 -113.906619  1017.269      -1.162     0.182    -1.176     0.001
0390350400_01   36.269294 -114.262389   899.699       2.446     0.865     2.280     1.231
0390350402_01   35.450521 -116.001190   800.701       2.214     2.816     1.748     3.120
0390350403_01   35.362358 -115.139176  1503.937      -1.095    -0.695    -0.971    -0.854
0390350406_01   36.677093 -115.409139  1300.081      -2.676    -1.980    -2.333    -2.363
0390350407_01   36.633353 -115.585200  1148.933      -2.264     6.712    -3.262     6.271
0390350409_01   36.453632 -115.380586   863.380      -2.762     0.354    -2.779    -0.075
0390350410_01   36.880586 -115.266231  1427.998      -3.132    -6.135    -2.147    -6.527
0390350411_01   35.510862 -115.975633   868.445       3.263     0.578     3.129     1.074
0390350413_01   36.895686 -115.087761  1544.163      -3.895    -4.093    -3.212    -4.630
0390350414_01   36.863963 -115.391452  1259.212      -0.193    -5.938     0.721    -5.885
0390350416_01   36.659623 -114.864407   987.787      -1.419    -4.737    -0.672    -4.891
0390350419_01   36.571366 -115.724082   974.704       2.537     0.160     2.479     0.546
0390350420_01   35.425252 -115.810835  1311.904       1.002     2.531     0.596     2.649
0390350421_01   35.404873 -115.945933  1039.992       1.688     0.752     1.549     1.002
0390350423_01   35.428057 -115.850449  1194.038       5.670     1.891     5.297     2.740
0390350425_01   35.388730 -116.053151   532.083       3.705     3.679     3.085     4.203
0390350426_01   36.414713 -115.742396  1870.794      -2.965     1.442    -3.140     0.964
0390350427_01   35.789365 -113.980300  1569.030      -6.104     5.028    -6.795     4.013
0390350430_01   36.006745 -115.836815   861.125       0.138     1.942    -0.163     1.936
0390350431_01   35.310478 -115.268065  1347.911      -1.758     0.982    -1.884     0.695
0390350432_01   35.883747 -115.735832   850.211      -1.655    -3.144    -1.145    -3.357
0390350433_01   35.462113 -115.819552  1247.737       0.631     1.522     0.387     1.598
0390350434_01   35.434383 -115.699990  1095.786      -1.208     0.244    -1.228     0.053
0390350435_01   35.445179 -115.557006  1659.143      -2.733     2.556    -3.087     2.095
0390350436_01   35.438791 -114.027110   984.917       2.141     3.010     1.645     3.303
0390350443_01   35.371389 -115.805340  1188.132      -3.675    -4.241    -2.963    -4.750
0390350444_01   35.361140 -115.541033  1493.164      -1.418    -2.562    -0.999    -2.745
0390350445_01   36.003277 -115.813565   865.564      -2.102     0.641    -2.171     0.308
0390350446_01   35.395007 -115.523872  1586.004      -2.519    -1.468    -2.253    -1.836
0390350447_01   36.174012 -115.850970  1079.595       1.317    -0.573     1.388    -0.363
0390350448_01   35.369177 -115.861503  1009.416       3.008     0.987     2.814     1.439
0390350449_01   35.328278 -115.263711  1210.957      -3.524     0.260    -3.514    -0.290
0390350450_01   35.444396 -115.232141  1026.765      -2.576    -1.661    -2.283    -2.037
0390350451_01   35.976022 -115.819601   836.626      -0.021     0.957    -0.168     0.940
0390350453_01   35.471419 -114.013038   907.572       5.101    -1.932     5.331    -1.114
0390350454_01   35.725563 -113.982382   940.806       4.847     2.841     4.343     3.555
0390350455_01   36.090483 -115.797903  1021.640      -3.003     3.342    -3.476     2.832
0390350459_01   35.828719 -113.912719  1600.566      -1.420     5.082    -2.186     4.791
0390350460_01   35.785862 -114.003317  1492.270       3.656     4.053     2.977     4.563
0390350463_01   36.508250 -115.690658  1385.161       4.384     6.100     3.384     6.684
0390350464_01   36.750110 -115.674705  1000.850       0.187    -5.978     1.103    -5.868
0390350467_01   35.725808 -113.937302  1055.048       2.032     2.647     1.594     2.927
0390350468_01   36.813195 -115.657504  1108.928      -1.229     3.853    -1.802     3.611
0390350469_01   36.769734 -115.687872  1196.833       4.309    -0.406     4.312     0.259
0390350470_01   36.840850 -115.641912   946.751       3.069     3.373     2.511     3.796
0390350472_01   35.976750 -114.844071   736.000       1.710     1.280     1.490     1.527
0390350473_01   36.056846 -114.970106   508.000       1.476     0.308     1.410     0.531
0390350475_01   35.248155 -114.037733  1028.676      -0.236    -1.965     0.070    -1.975
0390350477_01   35.459346 -114.465292  1042.634      -3.039    -0.731    -2.885    -1.192
0390350478_01   35.142325 -114.089326   873.890       5.432     3.858     4.759     4.653
0390350480_01   35.217411 -114.051718  1038.594       0.753     5.464    -0.106     5.508
0390350482_01   36.688809 -114.621230   497.000       1.296     2.108     0.956     2.281
0390350483_01   36.704101 -114.656357   532.000       1.123    -0.625     1.205    -0.445
0390350486_01   36.197004 -115.194684   634.000      -1.495    -5.473    -0.631    -5.632
0390350487_01   36.124623 -115.079014   516.000      -0.860     2.558    -1.244     2.392
0390350488_01   35.136980 -114.114835   838.361       3.982     4.092     3.292     4.659
0390350489_01   36.232546 -115.047334   537.000      -0.310     0.974    -0.455     0.913
0390350490_01   36.184133 -115.131280   550.000      -0.182     2.228    -0.523     2.171
0390350493_01   35.193270 -114.060485   991.144       0.055     5.272    -0.765     5.211
0390350494_01   36.290391 -115.013152   613.000       2.064     1.015     1.881     1.319
0390350495_01   36.128492 -115.298606   805.251      -4.126     4.730    -4.800     4.030
0390350498_01   35.267433 -114.030115  1015.471      -1.082     1.370    -1.282     1.184
0390350503_01   36.167588 -115.060287   507.000       1.346    -1.407     1.546    -1.181
0390350504_01   36.197270 -115.248398   695.000      -1.373     1.586    -1.598     1.353
0390350506_01   36.050893 -115.018530   506.000       3.766     4.568     3.012     5.090
0390350507_01   36.225707 -115.126614   559.000       4.580     4.050     3.897     4.703
0390350508_01   35.997413 -114.942339   645.000       2.249    -2.097     2.544    -1.722
0390350509_01   36.124956 -115.241006   691.000      -2.000    -1.419    -1.754    -1.709
0390350510_01   36.010428 -115.177990   665.000       3.231    -5.708     4.071    -5.134
0390350511_01   36.218655 -115.074391   533.000       0.188     1.787    -0.090     1.792
0390350513_01   35.222818 -114.176733   856.590       1.702     5.817     0.776     6.005
0390350515_01   36.104823 -115.143824   593.000       0.325     3.602    -0.234     3.605
0390350518_01   36.030152 -115.176870   661.000       0.682    -3.148     1.160    -3.002
0390350520_01   36.077469 -115.106485   573.000       0.011     0.749    -0.104     0.741
0390350521_01   36.346171 -114.922163   714.000       1.896     1.251     1.679     1.527
0390350526_01   36.073315 -115.083260   565.000      -0.062     1.802    -0.339     1.769
0390350527_01   36.259460 -115.039320   569.000      -4.058    -2.593    -3.605    -3.184
0390350528_01   35.943832 -115.209454   886.000      -3.090     0.096    -3.062    -0.383
0390350529_01   36.098692 -115.114977   578.000       0.527     0.662     0.418     0.734
0390350530_01   36.008764 -114.989634   660.000       1.491     1.194     1.287     1.408
0390350531_01   36.108037 -115.056746   492.000       2.486     3.238     1.955     3.580
0390350534_01   36.159619 -115.190218   622.000       0.737    -2.133     1.057    -1.991
0390350536_01   36.041133 -115.050073   551.000       0.268    -2.150     0.596    -2.081
0390350539_01   36.240540 -115.230404   672.000      -1.018    -0.503    -0.927    -0.653
0390350540_01   35.451285 -113.985350   891.091      -3.325    -0.128    -3.262    -0.643
0390350541_01   36.021997 -115.121798   633.000       0.239     3.778    -0.347     3.765
0390350542_01   36.127459 -115.209629   653.000      -0.970    -2.525    -0.567    -2.641
0390350544_01   36.269197 -115.266496   707.406      -4.802     3.289    -5.245     2.506
0390350546_01   36.000679 -114.062411   866.770      -2.866     0.903    -2.969     0.448
0390350547_01   36.006179 -114.965073   645.000      -0.207    -5.298     0.614    -5.261
0390350548_01   36.648630 -114.586549   490.000      -0.950     3.511    -1.477     3.321
0390350552_01   36.218005 -115.224241   664.000      -1.764    -1.353    -1.532    -1.607
0390350554_01   35.818174 -115.009736   518.000       0.781    -2.791     1.203    -2.634
0390350555_01   35.609641 -115.386826   768.000      -2.725    -0.050    -2.680    -0.471
0390350556_01   36.205323 -115.137451   565.000      -0.425    -1.249    -0.226    -1.298
0390350557_01   35.217709 -114.120217  1011.783       4.589     7.086     3.426     7.705
0390350559_01   35.559833 -114.046494   824.271       5.005     5.848     4.033     6.549
0390350560_01   36.072654 -114.993341   468.000      -1.247     0.757    -1.347     0.555
0390350561_01   36.092902 -115.195085   653.000      -0.652     3.837    -1.235     3.686
0390350564_01   36.115884 -115.267881   733.000      -2.488    -1.746    -2.185    -2.106
0390350566_01   35.184242 -114.526549   315.513       2.430    -0.115     2.416     0.265
0390350568_01   36.027024 -114.965865   583.000       0.859    -3.311     1.360    -3.135
0390350570_01   35.790915 -115.256698   818.000      -6.614     1.013    -6.681    -0.023
0390350571_01   36.171610 -115.091884   516.000      -1.337     0.899    -1.458     0.681
0390350574_01   35.955482 -114.849293   663.000       3.082     3.231     2.542     3.665
0390350576_01   35.594173 -113.927341   844.242       3.430     2.406     3.011     2.908
0390350577_01   36.027617 -115.084043   614.000      -0.320     6.434    -1.309     6.300
0390350580_01   35.889664 -115.221981   892.000      -1.437    -2.801    -0.985    -2.984
0390350581_01   36.224816 -115.264475   692.852      -2.560     2.805    -2.958     2.373
0390350582_01   36.518663 -114.436169   357.000       4.698    -0.740     4.753    -0.007
0390350583_01   36.157750 -115.283305   793.089      -1.590     5.689    -2.446     5.367
0390350584_01   35.964846 -115.168720   726.000       1.585     2.955     1.108     3.160
0390350585_01   36.131091 -115.111541   547.000      -1.216     3.345    -1.716     3.115
0390350586_01   35.190213 -114.437767   716.077       3.150     1.956     2.804     2.420
0390350587_01   36.802646 -114.894082   640.000       1.873    -0.653     1.949    -0.357
0390350590_01   36.086443 -115.058947   500.000       1.681     0.831     1.531     1.080
0390350591_01   36.243961 -115.101139   560.000       2.616     5.380     1.754     5.714
0390350594_01   36.101475 -115.226212   677.000      -0.620    -0.197    -0.581    -0.290
0390350595_01   35.361620 -115.492498  1424.654      -1.736     5.007    -2.486     4.665
0390350596_01   36.196548 -115.028889   554.000       0.949     2.025     0.625     2.145
0390350597_01   36.239907 -115.206063   647.000       0.644    -1.860     0.923    -1.736
0390350598_01   36.233350 -115.183851   639.000       0.363    -5.222     1.164    -5.098
0390350599_01   36.158388 -115.233924   686.000      -3.108    -2.255    -2.718    -2.704
0390350600_01   36.235710 -115.025539   535.000      -2.169    -2.673    -1.728    -2.973
0390350602_01   36.194508 -115.226121   669.000      -0.432     0.982    -0.577     0.902
0390350603_01   35.538758 -115.406113   766.744      -3.641    -1.543    -3.352    -2.086
0390350604_01   35.603847 -114.064067   813.162      -6.027     5.359    -6.778     4.354
0390350606_01   36.201572 -115.284019   754.273       0.095     6.210    -0.863     6.142
0390350608_01   36.313240 -114.941072   692.000       2.442    -1.314     2.613    -0.920
0390350609_01   35.392992 -114.298276   991.159      -0.817    -0.215    -0.774    -0.339
0390350610_01   36.189483 -115.162513   601.000      -1.220    -2.467    -0.824    -2.623
0390350611_01   36.191055 -115.090076   524.000       0.188     3.977    -0.428     3.954
0390350613_01   35.537154 -113.949421   864.172       4.521    -6.813     5.514    -6.021
0390350614_01   36.802324 -114.922004   677.000      -0.498     1.715    -0.754     1.617
0390350615_01   36.313223 -114.438245   372.000      -0.371     2.537    -0.758     2.448
0390350618_01   36.222637 -114.878714   531.000      -0.865    -2.979    -0.395    -3.074
0390350619_01   36.059767 -115.048275   511.000       1.478    -3.596     2.014    -3.322
0390350620_01   35.213760 -114.569161   172.014      -0.427    -2.431    -0.045    -2.467
0390350622_01   36.218954 -115.308330   783.987       0.661     5.234    -0.154     5.265
0390350623_01   36.369761 -114.879730   709.000       3.492    -3.062     3.917    -2.485
0390350624_01   36.491177 -114.555617   661.000       2.683    -3.632     3.207    -3.173
0390350625_01   35.778558 -115.319049   843.000      -1.638    -1.604    -1.367    -1.835
0390350626_01   36.053602 -115.119378   596.000       1.705     3.080     1.208     3.302
0390350627_01   35.452019 -114.516072   850.000      -2.338     3.444    -2.841     3.035
0390350628_01   35.221784 -114.260825   824.716       1.727     2.728     1.279     2.961
0390350635_01   35.754184 -114.698133   178.000      -0.386     0.178    -0.409     0.116
0390350637_01   35.473959 -115.523104  1390.798      -1.306     0.680    -1.391     0.468
0390350639_01   36.136430 -115.507484  1877.617      -1.572     2.408    -1.918     2.129
0390350642_01   35.743643 -115.260732   874.000       5.914    -2.905     6.283    -1.952
0390350644_01   35.149353 -114.239185   744.919       4.724    -1.223     4.850    -0.471
0390350645_01   36.175781 -115.221871   672.000      -6.026     0.511    -6.025    -0.424
0390350646_01   35.650473 -114.207125  1052.353       0.447     2.948    -0.016     2.978
0390350647_01   35.570509 -115.566408  1738.299      -0.228     6.705    -1.261     6.568
0390350648_01   35.794356 -114.140050   846.419       2.131     1.232     1.912     1.546
0390350649_01   36.166123 -115.036645   512.000       0.038    -0.835     0.166    -0.818
0390350651_01   36.158794 -113.921480   742.679      -0.342    -3.887     0.260    -3.890
0390350654_01   36.471433 -114.200038   661.238      -4.077    -3.715    -3.454    -4.296
0390350655_01   36.142377 -114.734173   390.000      -1.048     3.021    -1.501     2.821
0390350656_01   35.177180 -114.250119   778.153       4.102    -5.845     4.954    -5.129
0390350657_01   36.584044 -114.458821   389.000       1.868     1.327     1.641     1.598
0390350659_01   36.551142 -114.539661   603.000      -0.306    -3.101     0.174    -3.108
0390350660_01   36.215276 -114.700032   590.000      -3.377     0.348    -3.388    -0.177
0390350662_01   36.661683 -114.631451   468.000       1.766    -0.191     1.773     0.083
0390350664_01   36.469417 -114.535875   657.000      -0.219    -3.653     0.345    -3.640
0390350665_01   36.624266 -114.481298   413.000      -3.998     0.967    -4.097     0.341
0390350667_01   36.387564 -114.923389   658.000       5.590    -0.590     5.608     0.278
0390350669_01   36.130581 -115.148215   593.000       0.462    -1.321     0.660    -1.232
0390350670_01   36.047496 -115.386604   968.121      -0.250    -4.519     0.451    -4.496
0390350672_01   36.116303 -114.921574   403.000       1.443     1.702     1.162     1.903
0390350673_01   36.430906 -114.897133   603.000      -2.845    -1.589    -2.564    -2.006
0390350674_01   36.145002 -115.261905   744.000      -2.165     1.050    -2.297     0.703
0390350675_01   36.069456 -114.811567   353.000       5.264     0.694     5.091     1.498
0390350678_01   35.588764 -114.275161   995.597       2.233    -0.400     2.263    -0.048
0390350682_01   36.049507 -115.278325   788.000       0.054     2.187    -0.283     2.166
0390350684_01   36.193126 -115.067673   519.000      -0.117     1.998    -0.423     1.954
0390350685_01   36.517083 -115.586613  1065.567       2.027    -4.796     2.738    -4.419
0390350688_01   36.195722 -114.640563   693.000       0.763    -1.264     0.948    -1.130
0390350690_01   36.094706 -114.954793   428.000       0.804    -0.809     0.919    -0.675
0390350692_01   35.352677 -114.167270  1145.181      -1.831     4.549    -2.513     4.203
0390350693_01   36.067202 -114.928191   554.000       3.896    -0.883     3.983    -0.271
0390350694_01   36.160738 -115.122496   548.000       0.019     3.329    -0.495     3.289
0390350697_01   35.949044 -114.806589   669.000      -0.229     1.902    -0.520     1.841
0390350698_01   36.312939 -115.189345   677.000      -1.510    -4.207    -0.841    -4.384
0390350699_01   36.182728 -113.905882   660.735      -1.392     1.080    -1.542     0.851
0390350700_01   35.217740 -114.144935   914.354       1.486     4.358     0.788     4.532
0390350702_01   36.530613 -114.540986   619.000       5.103    -0.298     5.084     0.491
0390350706_01   36.157908 -114.919126   464.000       3.556    -1.529     3.747    -0.961
0390350707_01   36.147948 -114.590996   343.000       0.631     2.515     0.235     2.581
0390350708_01   36.133311 -115.393519  1048.220      -4.111     3.259    -4.556     2.580
0390350709_01   35.478116 -115.548472  1446.446       0.304    -4.733     1.033    -4.617
0390350712_01   35.683654 -115.137369  1240.000      -0.238    -0.732    -0.121    -0.758
0390350713_01   36.030737 -115.308711   849.369      -2.904    -1.266    -2.668    -1.696
0390350715_01   35.545286 -113.971586   842.561       3.876    -2.052     4.142    -1.423
0390350716_01   35.970406 -114.402110   585.000      -1.407     0.429    -1.456     0.206
0390350717_01   35.781492 -115.839752  1321.936       2.531     4.552     1.792     4.876
0390350719_01   36.274783 -115.316811   812.517      -0.425    -6.241     0.543    -6.223
0390350721_01   36.239989 -114.677615   967.000      -2.304    -5.990    -1.351    -6.264
0390350723_01   35.550415 -115.429041   787.113       0.722     3.357     0.192     3.423
0390350724_01   36.578391 -114.536437   538.000       4.261    -2.309     4.561    -1.625
0390350725_01   36.803828 -114.945834   744.000       4.238    -1.380     4.394    -0.713
0390350732_01   36.659202 -114.311373   370.000       2.433     0.029     2.398     0.403
0390350734_01   36.067680 -115.461799  1137.879      -6.395     0.174    -6.331    -0.813
0390350735_01   36.216046 -115.097486   537.000       0.658     3.191     0.158     3.251
0390350736_01   36.677827 -114.681645   493.000      -1.553     1.020    -1.690     0.769
0390350737_01   36.041543 -114.992799   530.000      -1.075    -1.685    -0.801    -1.829
0390350739_01   35.494848 -114.684063   174.000       1.727     5.258     0.889     5.461
0390350742_01   36.139832 -114.936942   567.000      -1.078    -1.258    -0.869    -1.408
0390350745_01   36.518810 -115.550387   962.013       4.099    -2.755     4.468    -2.089
0390350747_01   36.026179 -113.821413  1149.382       3.390     2.784     2.913     3.272
0390350748_01   35.495944 -114.521648   910.000       0.496     1.288     0.289     1.347
0390350750_01   36.322625 -114.728645  1034.000       0.108     1.893    -0.185     1.884
0390350751_01   36.759680 -115.458811  1042.906       2.373     1.622     2.093     1.962
0390350753_01   36.496519 -114.759071   590.000       1.272     0.020     1.252     0.216
0390350755_01   35.222159 -114.350737   938.431      -2.667    -5.698    -1.748    -6.036
0390350760_01   36.230584 -113.968735   544.696      -5.165     2.285    -5.454     1.459
0390350761_01   36.187658 -114.615792   625.000      -0.268     0.571    -0.353     0.522
0390350762_01   36.796769 -114.639396   500.000       0.590    -1.916     0.877    -1.801
0390350763_01   36.277882 -115.058233   592.000      -2.088     0.187    -2.089    -0.137
0390350764_01   36.705971 -114.252312   404.000       0.024    -4.347     0.691    -4.290
0390350766_01   36.013808 -115.240826   745.000      -1.444     0.124    -1.444    -0.100
0390350768_01   36.092875 -115.006136   455.000       3.013    -1.229     3.164    -0.749
0390350770_01   35.809041 -115.412679  1020.066      -6.217    -3.050    -5.659    -3.968
0390350771_01   36.150471 -115.088733   513.000      -0.602     0.813    -0.720     0.710
0390350772_01   36.172076 -114.540895   445.000       1.608    -0.379     1.646    -0.126
0390350774_01   36.261136 -115.232615   680.000      -2.217    -1.842    -1.904    -2.159
0390350775_01   36.013956 -114.735522   349.000      -0.592     0.801    -0.708     0.699
0390350778_01   36.553470 -114.445079   361.000       6.173    -2.259     6.444    -1.281
0390350780_01   35.612937 -114.665097   170.000      -1.402     3.195    -1.880     2.938
0390350781_01   36.324617 -115.264938   718.813      -4.089    -0.198    -4.004    -0.824
0390350785_01   35.733393 -114.699727   175.000      -2.750    -0.409    -2.654    -0.831
0390350786_01   36.285663 -113.821320   993.209       4.389     6.236     3.370     6.832
0390350787_01   35.634412 -114.260675  1101.771       2.049    -2.174     2.356    -1.826
0390350788_01   36.351474 -115.327855   837.733      -0.392    -6.523     0.619    -6.496
0390350790_01   35.818877 -115.640284   779.329      -1.615     0.008    -1.594    -0.242
0390350793_01   36.320769 -115.242634   708.062      -1.252     1.695    -1.496     1.479
0390350797_01   35.986783 -113.971756  1655.196      -2.748     0.139    -2.732    -0.287
0390350801_01   36.538975 -115.454514   949.846       2.310    -5.887     3.185    -5.453
0390350802_01   35.794916 -115.626424   762.284       0.168     2.777    -0.263     2.765
0390350803_01   36.453401 -114.885154   577.000       2.975    -4.760     3.669    -4.242
0390350805_01   36.230194 -114.514040   813.000       3.101    -3.164     3.548    -2.644
0390350810_01   35.972747 -114.892413   732.000       1.235     2.647     0.810     2.803
0390350811_01   35.285266 -114.601271   172.321      -2.780    -0.609    -2.652    -1.034
0390350815_01   36.641361 -114.629051   494.000       1.584     0.956     1.417     1.187
0390350817_01   35.456465 -114.906959  1023.933       2.481    -0.238     2.483     0.150
0390350818_01   36.189015 -114.497000   531.000      -3.647    -1.211    -3.415    -1.759
0390350822_01   35.237956 -114.576065   167.702      -2.004    -0.998    -1.825    -1.297
0390350824_01   36.023054 -114.924358   652.000      -3.220    -3.566    -2.627    -4.016
0390350825_01   36.438636 -114.373890   413.000      -0.796    -1.220    -0.599    -1.328
0390350826_01   36.189920 -115.441392  1544.538      -2.513    -4.133    -1.839    -4.459
0390350828_01   36.408750 -114.960301   733.000       2.873    -6.021     3.762    -5.500
0390350830_01   36.430041 -114.476904   493.000       1.984     4.780     1.223     5.026
0390350831_01   35.710752 -114.171208   922.736       1.723     1.745     1.429     1.989
0390350832_01   36.390403 -114.494913  1058.000       2.652    -3.880     3.212    -3.420
0390350833_01   35.258665 -114.401362  1279.898      -2.978    -3.530    -2.390    -3.943
0390350835_01   36.552567 -114.330154   342.000       6.790    -3.514     7.247    -2.426
0390350836_01   35.528353 -114.546476   799.997      -2.017     0.589    -2.082     0.269
0390350837_01   35.994576 -115.239256   747.000      -6.071    -3.633    -5.428    -4.522
0390350843_01   36.727398 -113.862300  1664.208       3.591     1.314     3.338     1.848
0390350844_01   35.633704 -115.944269   696.867       0.680    -3.298     1.183    -3.149
0390350846_01   35.761268 -115.663830   761.817      -1.074    -0.512    -0.979    -0.672
0390350847_01   35.934839 -114.859169   592.000       2.016     0.778     1.869     1.079
0390350848_01   35.766228 -114.720022   306.000       0.723     0.167     0.688     0.276
0390350849_01   36.243601 -115.255063   681.248      -0.525    -1.239    -0.327    -1.304
0390350850_01   36.238198 -115.514547  1663.813      -2.174    -1.685    -1.881    -1.995
0390350851_01   35.673717 -114.194738   989.211       2.358     5.229     1.517     5.525
0390350853_01   35.438828 -114.902770   979.037      -1.341    -1.158    -1.143    -1.350
0390350854_01   36.255048 -114.729590   885.000      -1.264    -0.751    -1.131    -0.935
0390350855_01   36.515845 -114.625852   825.000      -1.205    -1.851    -0.905    -2.012
0390350858_01   36.255177 -113.743125  1773.655      -3.201    -5.282    -2.345    -5.699
0390350864_01   36.694456 -113.894514  1427.154      -1.596     0.449    -1.644     0.198
0390350865_01   35.737525 -115.575007   750.727      -1.324    -2.702    -0.887    -2.870
0390350866_01   35.465824 -115.682304  1096.309      -0.630     0.857    -0.753     0.747
0390350867_01   36.427590 -115.732168  1765.585      -3.681    -1.343    -3.417    -1.888
0390350869_01   36.725932 -113.827442  1442.665       1.877     3.877     1.256     4.113
0390350870_01   36.750091 -114.857886   649.000       0.984     1.095     0.803     1.232
0390350871_01   35.819845 -115.678459   773.000      -0.182     3.620    -0.739     3.543
0390350872_01   36.782400 -115.522948  1220.338       0.381    -0.521     0.457    -0.456
0390350876_01   36.689633 -113.845379  1494.886       1.494    -0.879     1.607    -0.637
0390350877_01   35.383504 -114.043346  1139.664      -0.004     5.816    -0.906     5.737
0390350878_01   36.229140 -113.730523  1766.512       1.945     0.404     1.853     0.699
0390350879_01   35.261110 -115.096970  1241.046      -1.497    -3.735    -0.896    -3.914
0390350881_01   36.404884 -113.945238   642.884       1.148     0.632     1.035     0.801
0390350882_01   36.686296 -113.923722  1338.289      -0.603     5.060    -1.372     4.900
0390350883_01   36.472407 -113.911456   885.826      -4.452    -4.167    -3.755    -4.799
0390350884_01   36.608932 -115.601388   970.150       5.847    -2.352     6.129    -1.424
0390350885_01   36.675825 -114.515191   546.000      -3.958    -0.962    -3.761    -1.558
0390350887_01   36.628576 -113.806285  1337.660      -3.873    -3.636    -3.264    -4.182
0390350888_01   36.731312 -114.225560   402.000      -6.537     3.473    -6.991     2.425
0390350892_01   35.289049 -115.098968  1458.889      -5.923     3.121    -6.321     2.158
0390350893_01   36.863707 -115.391134  1258.219       1.311    -6.028     2.218    -5.743
0390350894_01   35.857380 -115.698775   794.712       0.185     1.592    -0.062     1.599
0390350895_01   36.960079 -115.399199  1364.119       1.428     5.755     0.528     5.891
0390350896_01   35.857785 -115.899456  1015.521       4.608     1.047     4.383     1.742
0390350899_01   36.735266 -115.371642  1328.120       2.268    -1.705     2.498    -1.334
0390350900_01   36.717048 -115.344826  1309.422      -3.346    -1.196    -3.114    -1.692
0390350901_01   36.633078 -115.584852  1155.544      -1.522     6.841    -2.550     6.512
0390350902_01   35.423609 -115.807887  1294.717       5.023    -2.542     5.345    -1.729
0390350903_01   35.362100 -115.138869  1493.913      -2.401    -0.046    -2.358    -0.417
0390350904_01   36.020261 -115.583245  1504.866       4.538     5.082     3.688     5.706
0390350906_01   35.848492 -115.676322   789.228       0.060     5.065    -0.723     5.005
0390350907_01   36.732728 -115.573962  1339.187       3.507     0.225     3.424     0.758
0390350908_01   36.008530 -115.822795   871.299       0.346     0.718     0.232     0.761
0390350909_01   36.839202 -115.339839  1787.271       3.240     6.428     2.209     6.827
0390350910_01   36.619931 -115.664269   909.825       1.452     0.233     1.398     0.452
0390350911_01   36.556474 -115.601999   961.056       4.072     2.669     3.607     3.256
0390350912_01   36.652082 -115.662348   906.808       0.451     3.251    -0.054     3.276
0390350913_01   35.404621 -115.945612  1042.536       2.065     0.772     1.918     1.080
0390350914_01   36.583419 -115.688041   926.941       0.810    -6.858     1.854    -6.640
0390350916_01   35.312321 -115.086872  1621.020      -2.907    -1.439    -2.641    -1.868
0390350919_01   36.706558 -115.578817  1450.832       2.383    -2.529     2.738    -2.129
0390350920_01   35.328793 -115.263699  1211.068      -3.881     0.086    -3.839    -0.517
0390350923_01   36.932643 -115.581019  1283.438       1.015     1.252     0.810     1.389
0390350925_01   35.310187 -115.267731  1348.048      -1.047    -0.136    -1.011    -0.296
0390350926_01   36.954125 -115.590396  1332.544       2.011    -2.595     2.382    -2.252
0390350927_01   35.371132 -115.805012  1200.693      -3.945    -3.444    -3.353    -4.006
0390350928_01   35.388923 -115.917415   872.767       1.059    -1.379     1.260    -1.196
0390350930_01   35.301077 -114.057238  1104.874       1.632    -4.373     2.286    -4.059
0390350931_01   35.388863 -115.530631  1691.171      -6.195     5.575    -6.965     4.533
0390350932_01   35.421483 -115.704835  1124.347      -1.354     3.891    -1.937     3.626
0390350934_01   35.401481 -115.869671  1108.373       2.244     1.759     1.941     2.080
0390350935_01   35.421891 -115.973796   893.307       3.742    -0.600     3.784    -0.013
0390360001_01   35.361897 -115.492788  1434.524       0.007     3.198    -0.488     3.153
0390360006_01   35.224984 -114.575064   175.866      -2.235    -2.280    -1.854    -2.600
0390360008_01   35.206252 -114.570687   172.173      -1.395    -1.708    -1.113    -1.904
0390360009_01   35.476675 -115.522393  1387.707      -1.322    -2.525    -0.911    -2.693
0390360012_01   35.285570 -114.601609   173.932      -0.744     2.092    -1.061     1.951
0390360032_01   35.304582 -114.605995   173.974      -2.943     5.789    -3.807     5.260
0390360033_01   35.343002 -114.594344   172.056      -6.097     0.598    -6.115    -0.357
0390360037_01   35.218578 -114.276348   815.497       1.332    -1.216     1.502    -0.993
0390360053_01   35.251605 -114.580860   171.319      -5.461    -1.827    -5.111    -2.654
0390360085_01   35.322871 -114.601506   172.991      -5.856     1.159    -5.964     0.234
0390360113_01   35.165332 -114.350608  1097.287       3.882    -6.078     4.771    -5.390
0390360133_01   35.257494 -114.434953  1020.386      -1.583    -2.988    -1.099    -3.193
0390360149_01   35.298274 -115.122506  1318.058      -1.064     0.921    -1.191     0.743
0390360153_01   35.270957 -114.728707  1222.132      -1.469     5.000    -2.225     4.702
0390360160_01   35.211288 -114.500352   483.738      -1.022    -3.739    -0.429    -3.850
0390360174_01   35.361938 -114.777002   746.770       2.508     1.762     2.201     2.128
0390360192_01   35.450530 -116.001176   799.568       2.205     2.305     1.818     2.615
0390360200_01   35.510864 -115.975607   866.773       4.498    -0.467     4.510     0.234
0390360205_01   35.238170 -114.754021  1403.042      -3.167    -3.090    -2.643    -3.537
0390360221_01   35.172094 -114.399452   974.920      -2.166    -2.532    -1.745    -2.834
0390360229_01   35.258015 -114.644317   538.593      -4.227     3.315    -4.687     2.615
0390360246_01   35.221587 -114.425200   917.171      -0.300     1.988    -0.605     1.915
0390360251_01   35.260913 -114.468149   670.104       0.520     0.551     0.427     0.625
0390360252_01   35.362365 -115.139171  1503.938      -1.602    -1.268    -1.382    -1.497
0390360258_01   35.247544 -114.412858  1134.808      -2.834     3.421    -3.326     2.934
0390360261_01   35.292007 -114.456310   771.814       2.542    -0.133     2.528     0.264
0390360262_01   35.134871 -114.106386   843.071       1.471     2.735     1.025     2.928
0390360279_01   35.257732 -115.086459  1220.221      -3.119    -2.612    -2.670    -3.059
0390360286_01   35.404879 -115.945920  1044.384       1.700     1.614     1.427     1.854
0390360304_01   35.431846 -115.850051  1174.024       5.405    -0.490     5.404     0.352
0390360306_01   35.224399 -114.221523   832.217       0.791     5.698    -0.105     5.746
0390360316_01   35.328393 -115.061048  1297.038      -0.442     0.720    -0.547     0.641
0390360331_01   35.388734 -116.053140   532.043       3.379     3.659     2.767     4.133
0390360338_01   35.280160 -114.420390  1095.227      -2.575     2.159    -2.876     1.730
0390360345_01   35.267603 -114.608750   353.695       0.712    -1.872     0.993    -1.738
0390360346_01   35.281004 -114.988984   956.575       1.509    -0.481     1.563    -0.240
0390360354_01   35.239431 -114.994278  1032.740      -0.416     0.802    -0.534     0.727
0390360370_01   35.203324 -114.356262   985.730       0.768     1.711     0.491     1.807
0390360371_01   35.298199 -115.261717  1577.109      -3.613     0.818    -3.686     0.246
0390360379_01   35.300254 -114.399658  1282.828       0.838     2.468     0.443     2.564
0390360383_01   35.221790 -114.702400   978.302      -2.561    -4.897    -1.767    -5.228
0390360389_01   35.295079 -114.499744   579.532       4.409    -3.393     4.877    -2.663
0390360395_01   35.539920 -116.016621   644.860       5.031    -3.408     5.493    -2.584
0390360396_01   35.190067 -114.533286   278.585      -0.372     1.578    -0.613     1.500
0390360426_01   35.416434 -116.062741   555.952       0.817     4.367     0.130     4.435
0390360427_01   35.447975 -116.053458   527.117       1.550     2.260     1.180     2.470
0390360430_01   35.267019 -114.036342  1023.553      -2.251    -2.628    -1.814    -2.942
0390360431_01   35.188763 -114.307328   848.935      -1.722    -2.083    -1.377    -2.323
0390360449_01   35.248124 -114.037716  1028.426       0.317    -1.582     0.557    -1.511
0390360460_01   35.142315 -114.089296   873.550       1.763     2.593     1.335     2.833
0390360463_01   35.185187 -114.040320  1005.111      -0.024     3.181    -0.518     3.135
0390360541_01   35.221184 -114.331957   873.801       0.274    -0.999     0.425    -0.943
0390360559_01   35.569940 -115.952008   822.649       1.578     1.214     1.370     1.441
0390360560_01   35.223962 -114.239293   827.333      -1.079     2.204    -1.408     2.007
0390360604_01   35.545660 -115.869606  1025.091       0.825     0.850     0.683     0.965
0390360610_01   35.132061 -114.113011   830.428      -0.866     2.686    -1.273     2.516
0390360666_01   35.286625 -115.343128  1218.161       1.141     4.888     0.367     4.995
0390360670_01   35.478102 -115.172856  1314.089       0.922     2.788     0.477     2.891
0390360671_01   35.243847 -114.517793   404.693      -3.991    -3.671    -3.371    -4.246
0390360674_01   35.217692 -114.120211  1014.685       0.783     6.826    -0.288     6.856
0390360676_01   35.343534 -114.476795   632.491       1.181     1.444     0.941     1.609
0390360677_01   35.585119 -115.989271   636.556       1.744     0.904     1.582     1.161
0400340084_01   36.677085 -115.408801  1292.325      -6.056    -2.090    -5.648    -2.989
0400340085_01   36.911232 -115.365230  1429.260       5.828     5.619     4.886     6.429
0400340112_01   36.609394 -115.421546  1118.083      -3.550    -0.459    -3.429    -0.997
0400340116_01   36.633364 -115.585450  1141.417      -3.096     3.138    -3.533     2.619
0400340133_01   36.790412 -115.557367  1289.454       2.421    -5.244     3.192    -4.800
0400340151_01   36.709524 -115.577053  1572.800       3.482     4.752     2.703     5.214
0400340175_01   36.687284 -115.441160  1109.108      -3.882    -5.734    -2.946    -6.249
0400340178_01   36.735818 -115.371949  1345.407       4.684    -1.097     4.787    -0.365
0400340187_01   36.629121 -115.763689  1041.956       6.051    -2.135     6.297    -1.179
0400340195_01   36.861299 -115.258599  1604.860      -3.294     5.650    -4.111     5.064
0400340203_01   36.880622 -115.266268  1426.547       0.278    -6.837     1.322    -6.698
0400340237_01   36.876425 -115.313491  1480.153      -4.155     1.387    -4.307     0.731
0400340243_01   36.660268 -115.618911  1074.303       3.567     4.200     2.874     4.688
0400340258_01   36.667686 -115.373081  1594.794      -4.164    -5.702    -3.227    -6.257
0400340264_01   36.752024 -115.492224  1280.931       5.105     3.746     4.459     4.474
0400340269_01   36.610187 -115.568750   981.085       0.904     1.220     0.705     1.341
0400340335_01   36.909170 -115.332945  1412.022       4.836     4.569     4.069     5.243
0400340336_01   36.785388 -115.522511  1230.359      -2.666     2.450    -3.003     2.008
0400340391_01   36.697824 -115.527574  1105.491      -4.164    -3.946    -3.499    -4.529
0400340399_01   36.921636 -115.585268  1185.190      -4.038    -2.957    -3.526    -3.533
0400340430_01   36.517352 -115.586601  1064.519       2.170    -2.353     2.503    -1.988
0400340441_01   36.592900 -115.665383   918.089       0.356     0.164     0.327     0.216
0400340455_01   36.521479 -115.548659   948.277       2.052     1.265     1.831     1.562
0400340498_01   36.538970 -115.454520   948.790       2.323    -4.234     2.943    -3.821
0400340521_01   36.608933 -115.601371   970.429       5.221    -1.595     5.395    -0.774
0400340527_01   36.960085 -115.399225  1361.661       1.403     6.425     0.401     6.548
0400340550_01   36.782409 -115.522931  1220.693       0.045     0.599    -0.047     0.597
0400340571_01   36.765357 -115.457062  1043.107       4.158     3.873     3.508     4.456
0400340589_01   36.554119 -115.541017   906.160      -2.204    -0.919    -2.031    -1.245
0400340597_01   36.611231 -115.480573   906.500      -0.307    -2.567     0.093    -2.579
0400340609_01   36.909647 -115.450098  1019.617       1.752    -0.889     1.865    -0.609
0400340612_01   36.625190 -115.674563   903.918       2.944     1.623     2.656     2.052
0400340646_01   36.709243 -115.576720  1554.764       4.434     3.943     3.766     4.564
0400340648_01   36.633348 -115.585502  1134.319      -1.393     4.395    -2.047     4.120
0400340664_01   36.915563 -115.366812  1387.282       2.340    -0.481     2.382    -0.118
0400340682_01   36.569668 -115.742201   983.996       1.928     1.650     1.649     1.923
0400340740_01   36.876161 -115.313130  1471.005      -4.888    -0.089    -4.803    -0.835
0400340741_01   36.877583 -115.243421  1610.084      -3.498     6.424    -4.430     5.796
0400340752_01   36.631625 -115.197999  2547.244      -5.611     0.240    -5.557    -0.623
0400340753_01   36.719543 -115.164374  2193.674      -2.818    -1.913    -2.481    -2.315
0400340754_01   36.665974 -115.180425  2726.748      -5.152     1.765    -5.338     0.947
0400340755_01   36.802204 -115.176874  1627.899      -4.233     4.210    -4.815     3.501
0400350001_01   35.570794 -115.567000  1761.867      -6.026     4.667    -6.656     3.665
0400350015_01   35.773302 -115.889010  1385.035       4.641    -6.447     5.571    -5.639
0400350016_01   36.518554 -115.550056   960.012      -1.914     1.774    -2.159     1.456
0400350018_01   35.709428 -115.858688  1305.220       0.938     1.557     0.685     1.679
0400350030_01   36.363889 -115.324224   811.846      -4.410    -0.905    -4.211    -1.571
0400350077_01   36.539245 -115.454772   951.484      -1.787    -2.780    -1.334    -3.016
0400350085_01   35.633967 -115.944562   692.546       1.674    -5.139     2.449    -4.812
0400350090_01   35.640133 -115.850704   826.511       1.875    -3.010     2.316    -2.680
0400350096_01   35.781751 -115.840104  1327.215       5.014     6.054     4.007     6.739
0400350141_01   36.132365 -115.424239  1093.146      -5.346    -4.521    -4.573    -5.281
0400350148_01   35.773775 -115.913214  1535.260       0.755    -5.563     1.605    -5.365
0400350149_01   36.677077 -115.408794  1292.944      -6.151    -2.832    -5.629    -3.735
0400350157_01   35.539923 -116.016653   644.197       6.907    -2.529     7.207    -1.427
0400350173_01   36.660264 -115.618907  1075.797       4.819     4.851     4.009     5.521
0400350188_01   36.184870 -115.678692  1843.891       5.335    -6.680     6.284    -5.760
0400350193_01   36.308489 -115.677279  2589.296      -0.458    -4.434     0.232    -4.433
0400350194_01   36.633356 -115.585444  1141.437      -3.552     2.669    -3.911     2.087
0400350215_01   35.607408 -115.937989   754.558       3.427    -4.640     4.100    -4.048
0400350219_01   36.557013 -115.602573   957.452       2.372    -1.018     2.497    -0.641
0400350234_01   36.715236 -115.349897  1369.288       1.248     6.234     0.275     6.336
0400350239_01   35.615525 -115.967351   644.090       2.876    -3.222     3.338    -2.735
0400350245_01   36.586875 -115.608403   944.133       2.246    -6.148     3.161    -5.720
0400350252_01   35.789604 -115.990021   984.486       3.221    -1.442     3.400    -0.926
0400350270_01   35.505094 -115.613876  1546.336       0.711    -2.291     1.056    -2.148
0400350280_01   36.709515 -115.577051  1573.561       3.313     5.138     2.477     5.569
0400350287_01   36.053598 -115.417786  1017.281      -2.752    -1.781    -2.439    -2.180
0400350298_01   35.459533 -116.008002   781.398       4.925     2.535     4.466     3.262
0400350308_01   36.687805 -115.441149  1118.472      -4.061    -4.948    -3.244    -5.502
0400350315_01   35.734429 -115.498127  1341.220      -5.836     3.564    -6.302     2.611
0400350316_01   36.567671 -115.705301   981.266       2.128     0.127     2.081     0.451
0400350319_01   35.404890 -115.945899  1043.757       1.537     1.007     1.360     1.230
0400350325_01   36.168911 -115.580596  1794.875       2.629    -4.438     3.274    -3.968
0400350334_01   35.819361 -115.786084  1068.705      -0.876    -3.008    -0.398    -3.101
0400350340_01   36.384544 -115.433143  1034.226      -2.729     6.331    -3.665     5.824
0400350346_01   36.609387 -115.421546  1118.055      -4.183    -0.185    -4.095    -0.824
0400350349_01   36.447773 -115.349528   899.478      -1.629    -1.563    -1.365    -1.792
0400350352_01   35.993568 -115.844000   835.773       2.795     1.209     2.571     1.623
0400350383_01   35.388748 -116.053111   534.439       3.137     2.956     2.637     3.402
0400350385_01   35.434388 -115.699967  1094.081      -2.812    -1.082    -2.604    -1.502
0400350386_01   36.579022 -115.728581   957.638       0.345    -1.834     0.624    -1.757
0400350398_01   36.068947 -115.454775  1096.949      -5.185    -3.770    -4.530    -4.516
0400350401_01   35.835534 -115.518797  1456.818      -2.623    -1.920    -2.287    -2.297
0400350410_01   36.473279 -115.374112   907.332      -3.364     1.593    -3.562     1.054
0400350413_01   36.733010 -115.574271  1288.463       3.793    -4.436     4.421    -3.793
0400350421_01   36.631088 -115.406370  1341.882       3.031     2.980     2.531     3.402
0400350424_01   36.700542 -115.529199  1143.902      -5.224    -6.088    -4.215    -6.803
0400350425_01   36.742760 -115.531741  1376.691       6.638    -4.064     7.167    -2.991
0400350429_01   36.680977 -115.543662  1386.254       0.405     4.174    -0.241     4.175
0400350430_01   36.644370 -115.534593  1053.062      -0.336     5.333    -1.149     5.208
0400350432_01   36.667676 -115.373080  1595.527      -3.988    -4.352    -3.261    -4.900
0400350434_01   35.811801 -115.524572  1270.783      -3.210     6.743    -4.205     6.151
0400350437_01   35.443033 -115.559708  1635.419      -1.620     6.897    -2.663     6.543
0400350438_01   36.739150 -115.481071  1128.640      -0.134     2.991    -0.589     2.929
0400350440_01   35.620261 -115.519766  1323.939      -6.272    -3.016    -5.714    -3.942
0400350441_01   35.682433 -115.538211   767.842       0.216    -2.438     0.591    -2.372
0400350442_01   35.594844 -115.542403  1272.767      -4.331    -5.727    -3.381    -6.314
0400350443_01   35.756680 -115.505358  1261.835      -4.203     4.841    -4.891     4.122
0400350448_01   36.594542 -115.667044   919.699       2.529    -2.918     2.944    -2.491
0400350450_01   36.155611 -115.421419  1097.910      -3.418    -0.980    -3.219    -1.493
0400350458_01   35.773095 -115.682890   768.000       0.873    -6.524     1.871    -6.301
0400350464_01   36.517351 -115.586295  1062.910       1.071    -2.802     1.488    -2.600
0400350490_01   36.521176 -115.547326   948.681       3.295    -0.886     3.387    -0.369
0400350512_01   36.117287 -115.348180   906.575      -6.429    -4.222    -5.690    -5.155
0400350514_01   35.819761 -115.647925   775.233      -0.769    -2.062    -0.438    -2.153
0400350519_01   36.067701 -115.461823  1135.775      -6.021    -1.148    -5.758    -2.059
0400350533_01   36.077808 -115.491932  1812.990      -3.189    -5.095    -2.354    -5.509
0400350534_01   36.133047 -115.393536  1048.053      -3.006     2.522    -3.352     2.024
0400350564_01   36.465751 -115.398397   872.867      -2.020     1.124    -2.165     0.799
0400350574_01   36.538965 -115.454534   949.315       1.269    -3.723     1.826    -3.478
0400350588_01   36.271828 -115.590078  2009.227      -1.132    -6.463    -0.119    -6.538
0400350616_01   35.466106 -115.682273  1095.039      -2.568    -0.619    -2.435    -1.008
0400350619_01   35.857394 -115.698759   793.335      -2.512    -0.040    -2.470    -0.428
0400350630_01   36.447507 -115.349242   899.020      -1.435     0.894    -1.552     0.661
0400350631_01   36.063934 -115.906890   831.000      -1.467     3.297    -1.955     3.025
0400350643_01   35.657909 -115.735486  1120.019       2.186     5.527     1.301     5.786
0400350648_01   36.277651 -115.347482   939.301      -4.886     1.096    -4.987     0.329
0400350660_01   35.428066 -115.850128  1193.295       5.018     1.836     4.663     2.585
0400350668_01   35.607130 -115.937649   753.170       1.769    -5.727     2.633    -5.376
0400350680_01   35.791629 -115.646730   760.000      -1.809     4.426    -2.468     4.087
0400350694_01   35.781996 -115.586499   769.879       5.109     5.330     4.216     6.046
0400350700_01   35.802315 -115.589129   783.979       1.439     0.494     1.344     0.710
0400350716_01   35.633694 -115.944248   696.112       1.326    -3.617     1.870    -3.364
0400350729_01   36.308116 -115.400959  1123.197      -4.451    -2.527    -3.999    -3.177
0400350740_01   35.764043 -115.624310   754.005      -3.292    -0.102    -3.230    -0.609
0400350754_01   36.161576 -115.443631  1352.105      -6.579     4.674    -7.204     3.595
0400350763_01   35.737507 -115.575000   749.781      -0.687    -3.070    -0.201    -3.135
0400350773_01   35.808017 -115.613924   778.778      -1.391     3.164    -1.860     2.907
0400350776_01   36.717045 -115.344826  1308.889       0.033    -2.733     0.453    -2.690
0400350779_01   36.676822 -115.408809  1285.636      -4.955    -2.720    -4.466    -3.441
0400350781_01   36.687515 -115.440814  1105.821      -2.668    -6.406    -1.646    -6.727
0400350793_01   35.394777 -115.569810  1350.236      -6.392     0.839    -6.428    -0.162
0400350794_01   35.318682 -115.585017  1502.905      -3.468     5.418    -4.256     4.801
